-45.525 5.0
-45.475 52.0
-45.425 59.0
-45.375 41.0
-45.325 55.0
-45.275 51.0
-45.225 42.0
-45.175 40.0
-45.125 48.0
-45.075 49.0
-45.025 54.0
-44.975 47.0
-44.925 56.0
-44.875 47.0
-44.825 46.0
-44.775 65.0
-44.725 54.0
-44.675 43.0
-44.625 57.0
-44.575 56.0
-44.525 61.0
-44.475 39.0
-44.425 62.0
-44.375 53.0
-44.325 60.0
-44.275 52.0
-44.225 48.0
-44.175 56.0
-44.125 54.0
-44.075 41.0
-44.025 50.0
-43.975 69.0
-43.925 52.0
-43.875 35.0
-43.825 55.0
-43.775 54.0
-43.725 57.0
-43.675 40.0
-43.625 52.0
-43.575 49.0
-43.525 55.0
-43.475 41.0
-43.425 61.0
-43.375 40.0
-43.325 49.0
-43.275 45.0
-43.225 54.0
-43.175 53.0
-43.125 41.0
-43.075 52.0
-43.025 50.0
-42.975 44.0
-42.925 47.0
-42.875 44.0
-42.825 31.0
-42.775 50.0
-42.725 48.0
-42.675 56.0
-42.625 47.0
-42.575 42.0
-42.525 49.0
-42.475 47.0
-42.425 34.0
-42.375 53.0
-42.325 52.0
-42.275 47.0
-42.225 56.0
-42.175 50.0
-42.125 63.0
-42.075 61.0
-42.025 55.0
-41.975 53.0
-41.925 57.0
-41.875 44.0
-41.825 38.0
-41.775 55.0
-41.725 45.0
-41.675 60.0
-41.625 44.0
-41.575 41.0
-41.525 46.0
-41.475 57.0
-41.425 53.0
-41.375 60.0
-41.325 47.0
-41.275 46.0
-41.225 39.0
-41.175 48.0
-41.125 39.0
-41.075 44.0
-41.025 47.0
-40.975 49.0
-40.925 50.0
-40.875 64.0
-40.825 63.0
-40.775 47.0
-40.725 48.0
-40.675 36.0
-40.625 44.0
-40.575 46.0
-40.525 41.0
-40.475 52.0
-40.425 53.0
-40.375 61.0
-40.325 46.0
-40.275 42.0
-40.225 57.0
-40.175 48.0
-40.125 52.0
-40.075 44.0
-40.025 44.0
-39.975 41.0
-39.925 49.0
-39.875 44.0
-39.825 33.0
-39.775 61.0
-39.725 57.0
-39.675 40.0
-39.625 36.0
-39.575 56.0
-39.525 51.0
-39.475 58.0
-39.425 53.0
-39.375 43.0
-39.325 55.0
-39.275 51.0
-39.225 48.0
-39.175 36.0
-39.125 49.0
-39.075 40.0
-39.025 55.0
-38.975 55.0
-38.925 49.0
-38.875 50.0
-38.825 53.0
-38.775 44.0
-38.725 47.0
-38.675 42.0
-38.625 44.0
-38.575 40.0
-38.525 45.0
-38.475 60.0
-38.425 60.0
-38.375 43.0
-38.325 55.0
-38.275 56.0
-38.225 43.0
-38.175 44.0
-38.125 58.0
-38.075 49.0
-38.025 44.0
-37.975 58.0
-37.925 53.0
-37.875 34.0
-37.825 47.0
-37.775 45.0
-37.725 61.0
-37.675 44.0
-37.625 44.0
-37.575 47.0
-37.525 55.0
-37.475 44.0
-37.425 43.0
-37.375 51.0
-37.325 62.0
-37.275 45.0
-37.225 42.0
-37.175 60.0
-37.125 48.0
-37.075 51.0
-37.025 47.0
-36.975 48.0
-36.925 48.0
-36.875 39.0
-36.825 47.0
-36.775 66.0
-36.725 47.0
-36.675 50.0
-36.625 55.0
-36.575 65.0
-36.525 58.0
-36.475 67.0
-36.425 50.0
-36.375 46.0
-36.325 55.0
-36.275 46.0
-36.225 31.0
-36.175 49.0
-36.125 50.0
-36.075 50.0
-36.025 53.0
-35.975 54.0
-35.925 54.0
-35.875 57.0
-35.825 50.0
-35.775 62.0
-35.725 48.0
-35.675 40.0
-35.625 48.0
-35.575 46.0
-35.525 63.0
-35.475 36.0
-35.425 43.0
-35.375 59.0
-35.325 45.0
-35.275 45.0
-35.225 46.0
-35.175 46.0
-35.125 50.0
-35.075 65.0
-35.025 38.0
-34.975 49.0
-34.925 49.0
-34.875 48.0
-34.825 53.0
-34.775 59.0
-34.725 59.0
-34.675 49.0
-34.625 64.0
-34.575 44.0
-34.525 50.0
-34.475 40.0
-34.425 48.0
-34.375 39.0
-34.325 45.0
-34.275 42.0
-34.225 47.0
-34.175 41.0
-34.125 59.0
-34.075 42.0
-34.025 61.0
-33.975 44.0
-33.925 36.0
-33.875 43.0
-33.825 37.0
-33.775 56.0
-33.725 45.0
-33.675 46.0
-33.625 47.0
-33.575 48.0
-33.525 50.0
-33.475 57.0
-33.425 49.0
-33.375 54.0
-33.325 53.0
-33.275 48.0
-33.225 46.0
-33.175 39.0
-33.125 64.0
-33.075 43.0
-33.025 53.0
-32.975 46.0
-32.925 48.0
-32.875 51.0
-32.825 45.0
-32.775 46.0
-32.725 54.0
-32.675 64.0
-32.625 47.0
-32.575 54.0
-32.525 50.0
-32.475 49.0
-32.425 46.0
-32.375 53.0
-32.325 33.0
-32.275 47.0
-32.225 45.0
-32.175 68.0
-32.125 48.0
-32.075 52.0
-32.025 45.0
-31.975 40.0
-31.925 69.0
-31.875 51.0
-31.825 46.0
-31.775 59.0
-31.725 43.0
-31.675 42.0
-31.625 49.0
-31.575 42.0
-31.525 54.0
-31.475 46.0
-31.425 42.0
-31.375 55.0
-31.325 40.0
-31.275 42.0
-31.225 43.0
-31.175 50.0
-31.125 40.0
-31.075 52.0
-31.025 31.0
-30.975 53.0
-30.925 53.0
-30.875 45.0
-30.825 43.0
-30.775 35.0
-30.725 58.0
-30.675 51.0
-30.625 38.0
-30.575 40.0
-30.525 51.0
-30.475 59.0
-30.425 38.0
-30.375 55.0
-30.325 37.0
-30.275 51.0
-30.225 54.0
-30.175 47.0
-30.125 42.0
-30.075 53.0
-30.025 50.0
-29.975 36.0
-29.925 50.0
-29.875 51.0
-29.825 36.0
-29.775 44.0
-29.725 46.0
-29.675 59.0
-29.625 64.0
-29.575 41.0
-29.525 55.0
-29.475 48.0
-29.425 59.0
-29.375 42.0
-29.325 42.0
-29.275 54.0
-29.225 46.0
-29.175 38.0
-29.125 43.0
-29.075 54.0
-29.025 54.0
-28.975 55.0
-28.925 42.0
-28.875 48.0
-28.825 50.0
-28.775 61.0
-28.725 44.0
-28.675 51.0
-28.625 36.0
-28.575 50.0
-28.525 50.0
-28.475 45.0
-28.425 45.0
-28.375 50.0
-28.325 35.0
-28.275 49.0
-28.225 47.0
-28.175 49.0
-28.125 65.0
-28.075 57.0
-28.025 48.0
-27.975 52.0
-27.925 51.0
-27.875 55.0
-27.825 49.0
-27.775 59.0
-27.725 58.0
-27.675 37.0
-27.625 54.0
-27.575 62.0
-27.525 53.0
-27.475 47.0
-27.425 33.0
-27.375 42.0
-27.325 39.0
-27.275 65.0
-27.225 49.0
-27.175 44.0
-27.125 47.0
-27.075 56.0
-27.025 47.0
-26.975 43.0
-26.925 52.0
-26.875 49.0
-26.825 42.0
-26.775 48.0
-26.725 43.0
-26.675 68.0
-26.625 54.0
-26.575 60.0
-26.525 50.0
-26.475 67.0
-26.425 49.0
-26.375 51.0
-26.325 45.0
-26.275 53.0
-26.225 48.0
-26.175 60.0
-26.125 54.0
-26.075 42.0
-26.025 40.0
-25.975 53.0
-25.925 56.0
-25.875 42.0
-25.825 59.0
-25.775 59.0
-25.725 51.0
-25.675 45.0
-25.625 46.0
-25.575 42.0
-25.525 53.0
-25.475 46.0
-25.425 45.0
-25.375 46.0
-25.325 59.0
-25.275 64.0
-25.225 49.0
-25.175 52.0
-25.125 59.0
-25.075 36.0
-25.025 46.0
-24.975 45.0
-24.925 40.0
-24.875 44.0
-24.825 56.0
-24.775 44.0
-24.725 39.0
-24.675 64.0
-24.625 56.0
-24.575 32.0
-24.525 50.0
-24.475 35.0
-24.425 56.0
-24.375 34.0
-24.325 43.0
-24.275 37.0
-24.225 44.0
-24.175 44.0
-24.125 58.0
-24.075 52.0
-24.025 67.0
-23.975 46.0
-23.925 66.0
-23.875 56.0
-23.825 38.0
-23.775 37.0
-23.725 39.0
-23.675 52.0
-23.625 47.0
-23.575 52.0
-23.525 48.0
-23.475 39.0
-23.425 47.0
-23.375 49.0
-23.325 56.0
-23.275 54.0
-23.225 46.0
-23.175 60.0
-23.125 48.0
-23.075 51.0
-23.025 48.0
-22.975 49.0
-22.925 55.0
-22.875 56.0
-22.825 57.0
-22.775 41.0
-22.725 52.0
-22.675 45.0
-22.625 60.0
-22.575 39.0
-22.525 53.0
-22.475 67.0
-22.425 56.0
-22.375 51.0
-22.325 53.0
-22.275 33.0
-22.225 50.0
-22.175 35.0
-22.125 56.0
-22.075 42.0
-22.025 47.0
-21.975 41.0
-21.925 55.0
-21.875 44.0
-21.825 67.0
-21.775 44.0
-21.725 38.0
-21.675 67.0
-21.625 46.0
-21.575 55.0
-21.525 42.0
-21.475 44.0
-21.425 53.0
-21.375 61.0
-21.325 53.0
-21.275 51.0
-21.225 42.0
-21.175 46.0
-21.125 50.0
-21.075 47.0
-21.025 56.0
-20.975 52.0
-20.925 38.0
-20.875 49.0
-20.825 55.0
-20.775 57.0
-20.725 38.0
-20.675 46.0
-20.625 57.0
-20.575 67.0
-20.525 174.0
-20.475 562.0
-20.425 304.0
-20.375 638.0
-20.325 324.0
-20.275 81.0
-20.225 80.0
-20.175 60.0
-20.125 60.0
-20.075 74.0
-20.025 109.0
-19.975 78.0
-19.925 55.0
-19.875 64.0
-19.825 69.0
-19.775 359.0
-19.725 1133.0
-19.675 1355.0
-19.625 1093.0
-19.575 1070.0
-19.525 1603.0
-19.475 1273.0
-19.425 685.0
-19.375 1009.0
-19.325 649.0
-19.275 767.0
-19.225 684.0
-19.175 931.0
-19.125 952.0
-19.075 923.0
-19.025 2070.0
-18.975 3196.0
-18.925 2894.0
-18.875 2695.0
-18.825 2540.0
-18.775 2799.0
-18.725 2863.0
-18.675 3807.0
-18.625 3453.0
-18.575 2975.0
-18.525 2688.0
-18.475 2087.0
-18.425 2031.0
-18.375 1852.0
-18.325 2177.0
-18.275 2298.0
-18.225 1941.0
-18.175 1554.0
-18.125 1082.0
-18.075 1990.0
-18.025 1882.0
-17.975 1824.0
-17.925 1852.0
-17.875 1793.0
-17.825 1569.0
-17.775 796.0
-17.725 1020.0
-17.675 966.0
-17.625 587.0
-17.575 483.0
-17.525 297.0
-17.475 468.0
-17.425 897.0
-17.375 1344.0
-17.325 2829.0
-17.275 3232.0
-17.225 3926.0
-17.175 3416.0
-17.125 3721.0
-17.075 3503.0
-17.025 3385.0
-16.975 2343.0
-16.925 2034.0
-16.875 1652.0
-16.825 932.0
-16.775 1235.0
-16.725 1588.0
-16.675 1337.0
-16.625 1004.0
-16.575 1027.0
-16.525 1364.0
-16.475 1260.0
-16.425 1073.0
-16.375 1946.0
-16.325 2631.0
-16.275 2188.0
-16.225 1142.0
-16.175 661.0
-16.125 943.0
-16.075 1039.0
-16.025 1259.0
-15.975 1943.0
-15.925 1164.0
-15.875 1470.0
-15.825 1887.0
-15.775 2315.0
-15.725 2591.0
-15.675 3017.0
-15.625 1634.0
-15.575 1453.0
-15.525 2560.0
-15.475 2355.0
-15.425 2573.0
-15.375 2810.0
-15.325 2757.0
-15.275 3310.0
-15.225 3182.0
-15.175 2588.0
-15.125 2348.0
-15.075 2185.0
-15.025 1818.0
-14.975 1809.0
-14.925 1576.0
-14.875 1999.0
-14.825 2345.0
-14.775 2671.0
-14.725 2960.0
-14.675 3133.0
-14.625 3688.0
-14.575 3337.0
-14.525 3777.0
-14.475 3111.0
-14.425 3180.0
-14.375 3324.0
-14.325 3245.0
-14.275 3501.0
-14.225 3689.0
-14.175 3409.0
-14.125 3436.0
-14.075 3111.0
-14.025 2882.0
-13.975 3556.0
-13.925 3382.0
-13.875 3722.0
-13.825 3589.0
-13.775 3474.0
-13.725 2874.0
-13.675 2793.0
-13.625 2402.0
-13.575 1891.0
-13.525 1239.0
-13.475 831.0
-13.425 1557.0
-13.375 1237.0
-13.325 910.0
-13.275 2002.0
-13.225 2020.0
-13.175 1385.0
-13.125 1547.0
-13.075 1489.0
-13.025 1347.0
-12.975 872.0
-12.925 889.0
-12.875 703.0
-12.825 1041.0
-12.775 1406.0
-12.725 1799.0
-12.675 1451.0
-12.625 1550.0
-12.575 1693.0
-12.525 2241.0
-12.475 2262.0
-12.425 2676.0
-12.375 2360.0
-12.325 2116.0
-12.275 2802.0
-12.225 2996.0
-12.175 2565.0
-12.125 2323.0
-12.075 2655.0
-12.025 2952.0
-11.975 2959.0
-11.925 2743.0
-11.875 1968.0
-11.825 1665.0
-11.775 1659.0
-11.725 1773.0
-11.675 1865.0
-11.625 2057.0
-11.575 1426.0
-11.525 1486.0
-11.475 1773.0
-11.425 1556.0
-11.375 1151.0
-11.325 1172.0
-11.275 1552.0
-11.225 1374.0
-11.175 1686.0
-11.125 1978.0
-11.075 1841.0
-11.025 1722.0
-10.975 1725.0
-10.925 1527.0
-10.875 1439.0
-10.825 1878.0
-10.775 1396.0
-10.725 1601.0
-10.675 1824.0
-10.625 1650.0
-10.575 1109.0
-10.525 1645.0
-10.475 2006.0
-10.425 1726.0
-10.375 2170.0
-10.325 2312.0
-10.275 2430.0
-10.225 2109.0
-10.175 1896.0
-10.125 1529.0
-10.075 1472.0
-10.025 1408.0
-9.975 1665.0
-9.925 2039.0
-9.875 2187.0
-9.825 1394.0
-9.775 1299.0
-9.725 1412.0
-9.675 1496.0
-9.625 1476.0
-9.575 1251.0
-9.525 1231.0
-9.475 974.0
-9.425 947.0
-9.375 1009.0
-9.325 1131.0
-9.275 1460.0
-9.225 1643.0
-9.175 1461.0
-9.125 1517.0
-9.075 1118.0
-9.025 969.0
-8.975 941.0
-8.925 997.0
-8.875 1010.0
-8.825 861.0
-8.775 703.0
-8.725 610.0
-8.675 978.0
-8.625 1606.0
-8.575 1777.0
-8.525 1485.0
-8.475 1347.0
-8.425 1184.0
-8.375 973.0
-8.325 1117.0
-8.275 973.0
-8.225 1123.0
-8.175 1220.0
-8.125 1155.0
-8.075 1282.0
-8.025 1286.0
-7.975 1064.0
-7.925 1153.0
-7.875 1335.0
-7.825 1450.0
-7.775 923.0
-7.725 1375.0
-7.675 1314.0
-7.625 1306.0
-7.575 1807.0
-7.525 1591.0
-7.475 1518.0
-7.425 1417.0
-7.375 1477.0
-7.325 1471.0
-7.275 1600.0
-7.225 1544.0
-7.175 1429.0
-7.125 1312.0
-7.075 1164.0
-7.025 1084.0
-6.975 858.0
-6.925 782.0
-6.875 780.0
-6.825 819.0
-6.775 833.0
-6.725 774.0
-6.675 686.0
-6.625 810.0
-6.575 689.0
-6.525 901.0
-6.475 1015.0
-6.425 904.0
-6.375 863.0
-6.325 943.0
-6.275 1166.0
-6.225 1139.0
-6.175 1244.0
-6.125 971.0
-6.075 452.0
-6.025 483.0
-5.975 655.0
-5.925 738.0
-5.875 677.0
-5.825 731.0
-5.775 725.0
-5.725 521.0
-5.675 745.0
-5.625 580.0
-5.575 642.0
-5.525 1073.0
-5.475 1150.0
-5.425 1107.0
-5.375 826.0
-5.325 833.0
-5.275 715.0
-5.225 737.0
-5.175 699.0
-5.125 636.0
-5.075 566.0
-5.025 682.0
-4.975 710.0
-4.925 728.0
-4.875 742.0
-4.825 714.0
-4.775 783.0
-4.725 649.0
-4.675 689.0
-4.625 683.0
-4.575 691.0
-4.525 776.0
-4.475 700.0
-4.425 682.0
-4.375 607.0
-4.325 640.0
-4.275 696.0
-4.225 610.0
-4.175 699.0
-4.125 776.0
-4.075 591.0
-4.025 775.0
-3.975 720.0
-3.925 631.0
-3.875 622.0
-3.825 466.0
-3.775 425.0
-3.725 398.0
-3.675 396.0
-3.625 422.0
-3.575 485.0
-3.525 451.0
-3.475 348.0
-3.425 421.0
-3.375 400.0
-3.325 488.0
-3.275 511.0
-3.225 529.0
-3.175 549.0
-3.125 473.0
-3.075 460.0
-3.025 388.0
-2.975 402.0
-2.925 448.0
-2.875 258.0
-2.825 190.0
-2.775 210.0
-2.725 216.0
-2.675 195.0
-2.625 156.0
-2.575 115.0
-2.525 125.0
-2.475 102.0
-2.425 109.0
-2.375 102.0
-2.325 82.0
-2.275 115.0
-2.225 78.0
-2.175 109.0
-2.125 93.0
-2.075 112.0
-2.025 112.0
-1.975 98.0
-1.925 126.0
-1.875 125.0
-1.825 161.0
-1.775 156.0
-1.725 192.0
-1.675 206.0
-1.625 187.0
-1.575 243.0
-1.525 211.0
-1.475 249.0
-1.425 330.0
-1.375 407.0
-1.325 443.0
-1.275 427.0
-1.225 376.0
-1.175 485.0
-1.125 516.0
-1.075 506.0
-1.025 548.0
-0.975 553.0
-0.925 478.0
-0.875 426.0
-0.825 375.0
-0.775 480.0
-0.725 552.0
-0.675 571.0
-0.625 627.0
-0.575 651.0
-0.525 753.0
-0.475 683.0
-0.425 602.0
-0.375 523.0
-0.325 577.0
-0.275 726.0
-0.225 765.0
-0.175 573.0
-0.125 611.0
-0.075 530.0
-0.025 531.0
0.025 492.0
0.075 452.0
0.125 473.0
0.175 441.0
0.225 519.0
0.275 484.0
0.325 424.0
0.375 441.0
0.425 493.0
0.475 402.0
0.525 360.0
0.575 439.0
0.625 481.0
0.675 685.0
0.725 557.0
0.775 532.0
0.825 613.0
0.875 656.0
0.925 706.0
0.975 687.0
1.025 647.0
1.075 533.0
1.125 531.0
1.175 492.0
1.225 478.0
1.275 417.0
1.325 354.0
1.375 423.0
1.425 440.0
1.475 421.0
1.525 437.0
1.575 487.0
1.625 482.0
1.675 375.0
1.725 400.0
1.775 414.0
1.825 385.0
1.875 434.0
1.925 397.0
1.975 355.0
2.025 376.0
2.075 374.0
2.125 341.0
2.175 346.0
2.225 325.0
2.275 337.0
2.325 305.0
2.375 334.0
2.425 393.0
2.475 463.0
2.525 414.0
2.575 311.0
2.625 381.0
2.675 362.0
2.725 255.0
2.775 197.0
2.825 180.0
2.875 162.0
2.925 182.0
2.975 223.0
3.025 293.0
3.075 368.0
3.125 397.0
3.175 361.0
3.225 360.0
3.275 320.0
3.325 334.0
3.375 351.0
3.425 302.0
3.475 425.0
3.525 349.0
3.575 361.0
3.625 337.0
3.675 364.0
3.725 351.0
3.775 334.0
3.825 351.0
3.875 437.0
3.925 405.0
3.975 407.0
4.025 348.0
4.075 368.0
4.125 382.0
4.175 370.0
4.225 481.0
4.275 509.0
4.325 419.0
4.375 429.0
4.425 440.0
4.475 421.0
4.525 293.0
4.575 177.0
4.625 228.0
4.675 327.0
4.725 300.0
4.775 302.0
4.825 347.0
4.875 300.0
4.925 367.0
4.975 411.0
5.025 399.0
5.075 368.0
5.125 303.0
5.175 265.0
5.225 235.0
5.275 303.0
5.325 413.0
5.375 390.0
5.425 272.0
5.475 205.0
5.525 243.0
5.575 203.0
5.625 145.0
5.675 108.0
5.725 108.0
5.775 115.0
5.825 118.0
5.875 123.0
5.925 160.0
5.975 183.0
6.025 208.0
6.075 238.0
6.125 267.0
6.175 233.0
6.225 231.0
6.275 205.0
6.325 155.0
6.375 141.0
6.425 155.0
6.475 149.0
6.525 169.0
6.575 196.0
6.625 190.0
6.675 188.0
6.725 193.0
6.775 169.0
6.825 174.0
6.875 183.0
6.925 216.0
6.975 185.0
7.025 237.0
7.075 247.0
7.125 238.0
7.175 178.0
7.225 152.0
7.275 213.0
7.325 215.0
7.375 278.0
7.425 232.0
7.475 267.0
7.525 300.0
7.575 370.0
7.625 403.0
7.675 423.0
7.725 395.0
7.775 351.0
7.825 341.0
7.875 349.0
7.925 339.0
7.975 305.0
8.025 292.0
8.075 275.0
8.125 261.0
8.175 272.0
8.225 258.0
8.275 260.0
8.325 265.0
8.375 225.0
8.425 206.0
8.475 172.0
8.525 165.0
8.575 180.0
8.625 190.0
8.675 194.0
8.725 191.0
8.775 158.0
8.825 160.0
8.875 189.0
8.925 176.0
8.975 142.0
9.025 152.0
9.075 193.0
9.125 175.0
9.175 208.0
9.225 214.0
9.275 219.0
9.325 225.0
9.375 242.0
9.425 212.0
9.475 228.0
9.525 232.0
9.575 234.0
9.625 205.0
9.675 165.0
9.725 183.0
9.775 167.0
9.825 149.0
9.875 155.0
9.925 152.0
9.975 160.0
10.025 121.0
10.075 126.0
10.125 96.0
10.175 99.0
10.225 146.0
10.275 131.0
10.325 139.0
10.375 140.0
10.425 152.0
10.475 130.0
10.525 112.0
10.575 85.0
10.625 117.0
10.675 94.0
10.725 110.0
10.775 120.0
10.825 110.0
10.875 106.0
10.925 81.0
10.975 73.0
11.025 82.0
11.075 95.0
11.125 80.0
11.175 103.0
11.225 111.0
11.275 101.0
11.325 95.0
11.375 99.0
11.425 98.0
11.475 90.0
11.525 74.0
11.575 80.0
11.625 59.0
11.675 89.0
11.725 45.0
11.775 73.0
11.825 77.0
11.875 91.0
11.925 97.0
11.975 75.0
12.025 85.0
12.075 84.0
12.125 88.0
12.175 83.0
12.225 96.0
12.275 110.0
12.325 122.0
12.375 121.0
12.425 118.0
12.475 180.0
12.525 151.0
12.575 170.0
12.625 147.0
12.675 151.0
12.725 165.0
12.775 155.0
12.825 137.0
12.875 149.0
12.925 121.0
12.975 109.0
13.025 101.0
13.075 116.0
13.125 155.0
13.175 152.0
13.225 146.0
13.275 122.0
13.325 89.0
13.375 109.0
13.425 117.0
13.475 120.0
13.525 109.0
13.575 133.0
13.625 141.0
13.675 128.0
13.725 116.0
13.775 123.0
13.825 155.0
13.875 147.0
13.925 112.0
13.975 123.0
14.025 110.0
14.075 133.0
14.125 140.0
14.175 154.0
14.225 143.0
14.275 170.0
14.325 158.0
14.375 167.0
14.425 174.0
14.475 192.0
14.525 202.0
14.575 159.0
14.625 155.0
14.675 116.0
14.725 149.0
14.775 145.0
14.825 177.0
14.875 160.0
14.925 141.0
14.975 172.0
15.025 180.0
15.075 165.0
15.125 133.0
15.175 118.0
15.225 102.0
15.275 103.0
15.325 121.0
15.375 98.0
15.425 98.0
15.475 126.0
15.525 119.0
15.575 120.0
15.625 119.0
15.675 114.0
15.725 115.0
15.775 86.0
15.825 90.0
15.875 84.0
15.925 91.0
15.975 90.0
16.025 95.0
16.075 86.0
16.125 101.0
16.175 110.0
16.225 81.0
16.275 133.0
16.325 105.0
16.375 119.0
16.425 103.0
16.475 112.0
16.525 108.0
16.575 117.0
16.625 144.0
16.675 141.0
16.725 132.0
16.775 117.0
16.825 140.0
16.875 125.0
16.925 122.0
16.975 109.0
17.025 119.0
17.075 106.0
17.125 111.0
17.175 96.0
17.225 101.0
17.275 85.0
17.325 114.0
17.375 102.0
17.425 135.0
17.475 110.0
17.525 99.0
17.575 122.0
17.625 101.0
17.675 102.0
17.725 101.0
17.775 95.0
17.825 83.0
17.875 78.0
17.925 102.0
17.975 100.0
18.025 106.0
18.075 104.0
18.125 92.0
18.175 106.0
18.225 90.0
18.275 88.0
18.325 97.0
18.375 105.0
18.425 101.0
18.475 89.0
18.525 68.0
18.575 89.0
18.625 79.0
18.675 89.0
18.725 69.0
18.775 83.0
18.825 70.0
18.875 79.0
18.925 77.0
18.975 86.0
19.025 79.0
19.075 68.0
19.125 65.0
19.175 78.0
19.225 76.0
19.275 98.0
19.325 72.0
19.375 82.0
19.425 89.0
19.475 89.0
19.525 100.0
19.575 78.0
19.625 118.0
19.675 105.0
19.725 103.0
19.775 96.0
19.825 111.0
19.875 83.0
19.925 86.0
19.975 61.0
20.025 64.0
20.075 57.0
20.125 73.0
20.175 53.0
20.225 58.0
20.275 54.0
20.325 55.0
20.375 62.0
20.425 76.0
20.475 77.0
20.525 64.0
20.575 89.0
20.625 55.0
20.675 66.0
20.725 66.0
20.775 65.0
20.825 47.0
20.875 47.0
20.925 60.0
20.975 55.0
21.025 56.0
21.075 60.0
21.125 59.0
21.175 74.0
21.225 80.0
21.275 94.0
21.325 85.0
21.375 91.0
21.425 86.0
21.475 73.0
21.525 74.0
21.575 72.0
21.625 66.0
21.675 61.0
21.725 57.0
21.775 57.0
21.825 71.0
21.875 50.0
21.925 55.0
21.975 72.0
22.025 65.0
22.075 68.0
22.125 57.0
22.175 57.0
22.225 75.0
22.275 85.0
22.325 71.0
22.375 76.0
22.425 77.0
22.475 84.0
22.525 66.0
22.575 82.0
22.625 99.0
22.675 83.0
22.725 63.0
22.775 62.0
22.825 62.0
22.875 58.0
22.925 74.0
22.975 69.0
23.025 75.0
23.075 74.0
23.125 75.0
23.175 74.0
23.225 73.0
23.275 72.0
23.325 71.0
23.375 80.0
23.425 67.0
23.475 87.0
23.525 85.0
23.575 88.0
23.625 87.0
23.675 98.0
23.725 83.0
23.775 91.0
23.825 73.0
23.875 79.0
23.925 80.0
23.975 73.0
24.025 77.0
24.075 51.0
24.125 61.0
24.175 60.0
24.225 64.0
24.275 51.0
24.325 61.0
24.375 55.0
24.425 52.0
24.475 45.0
24.525 35.0
24.575 54.0
24.625 45.0
24.675 54.0
24.725 53.0
24.775 56.0
24.825 60.0
24.875 51.0
24.925 49.0
24.975 60.0
25.025 66.0
25.075 65.0
25.125 55.0
25.175 63.0
25.225 71.0
25.275 78.0
25.325 62.0
25.375 73.0
25.425 72.0
25.475 69.0
25.525 69.0
25.575 79.0
25.625 82.0
25.675 86.0
25.725 105.0
25.775 96.0
25.825 70.0
25.875 84.0
25.925 84.0
25.975 76.0
26.025 98.0
26.075 69.0
26.125 77.0
26.175 65.0
26.225 79.0
26.275 67.0
26.325 65.0
26.375 71.0
26.425 80.0
26.475 87.0
26.525 93.0
26.575 78.0
26.625 87.0
26.675 85.0
26.725 123.0
26.775 77.0
26.825 101.0
26.875 82.0
26.925 110.0
26.975 89.0
27.025 89.0
27.075 110.0
27.125 114.0
27.175 97.0
27.225 80.0
27.275 87.0
27.325 85.0
27.375 82.0
27.425 76.0
27.475 81.0
27.525 69.0
27.575 58.0
27.625 68.0
27.675 74.0
27.725 63.0
27.775 78.0
27.825 66.0
27.875 89.0
27.925 77.0
27.975 58.0
28.025 49.0
28.075 62.0
28.125 62.0
28.175 74.0
28.225 79.0
28.275 69.0
28.325 63.0
28.375 51.0
28.425 72.0
28.475 80.0
28.525 81.0
28.575 68.0
28.625 71.0
28.675 83.0
28.725 67.0
28.775 86.0
28.825 65.0
28.875 67.0
28.925 83.0
28.975 74.0
29.025 91.0
29.075 103.0
29.125 83.0
29.175 87.0
29.225 84.0
29.275 83.0
29.325 85.0
29.375 72.0
29.425 75.0
29.475 73.0
29.525 65.0
29.575 59.0
29.625 62.0
29.675 81.0
29.725 64.0
29.775 79.0
29.825 81.0
29.875 78.0
29.925 93.0
29.975 68.0
30.025 81.0
30.075 62.0
30.125 61.0
30.175 65.0
30.225 61.0
30.275 72.0
30.325 82.0
30.375 69.0
30.425 68.0
30.475 63.0
30.525 71.0
30.575 65.0
30.625 47.0
30.675 66.0
30.725 43.0
30.775 44.0
30.825 59.0
30.875 67.0
30.925 59.0
30.975 60.0
31.025 47.0
31.075 81.0
31.125 62.0
31.175 48.0
31.225 55.0
31.275 53.0
31.325 69.0
31.375 52.0
31.425 46.0
31.475 48.0
31.525 55.0
31.575 33.0
31.625 53.0
31.675 57.0
31.725 42.0
31.775 52.0
31.825 65.0
31.875 50.0
31.925 62.0
31.975 56.0
32.025 64.0
32.075 61.0
32.125 61.0
32.175 56.0
32.225 38.0
32.275 70.0
32.325 66.0
32.375 60.0
32.425 53.0
32.475 63.0
32.525 62.0
32.575 82.0
32.625 66.0
32.675 82.0
32.725 84.0
32.775 64.0
32.825 87.0
32.875 80.0
32.925 78.0
32.975 76.0
33.025 66.0
33.075 74.0
33.125 73.0
33.175 64.0
33.225 76.0
33.275 63.0
33.325 63.0
33.375 65.0
33.425 66.0
33.475 60.0
33.525 64.0
33.575 58.0
33.625 71.0
33.675 56.0
33.725 60.0
33.775 50.0
33.825 66.0
33.875 65.0
33.925 58.0
33.975 67.0
34.025 64.0
34.075 70.0
34.125 86.0
34.175 72.0
34.225 62.0
34.275 68.0
34.325 62.0
34.375 59.0
34.425 73.0
34.475 67.0
34.525 65.0
34.575 43.0
34.625 53.0
34.675 64.0
34.725 53.0
34.775 50.0
34.825 39.0
34.875 61.0
34.925 48.0
34.975 53.0
35.025 59.0
35.075 47.0
35.125 55.0
35.175 56.0
35.225 48.0
35.275 63.0
35.325 36.0
35.375 42.0
35.425 54.0
35.475 46.0
35.525 45.0
35.575 49.0
35.625 53.0
35.675 55.0
35.725 52.0
35.775 58.0
35.825 47.0
35.875 55.0
35.925 47.0
35.975 48.0
36.025 72.0
36.075 60.0
36.125 44.0
36.175 63.0
36.225 56.0
36.275 53.0
36.325 41.0
36.375 61.0
36.425 57.0
36.475 47.0
36.525 56.0
36.575 59.0
36.625 58.0
36.675 59.0
36.725 49.0
36.775 59.0
36.825 46.0
36.875 48.0
36.925 50.0
36.975 43.0
37.025 53.0
37.075 51.0
37.125 61.0
37.175 50.0
37.225 60.0
37.275 50.0
37.325 55.0
37.375 55.0
37.425 57.0
37.475 52.0
37.525 48.0
37.575 50.0
37.625 42.0
37.675 44.0
37.725 58.0
37.775 59.0
37.825 57.0
37.875 81.0
37.925 52.0
37.975 53.0
38.025 65.0
38.075 57.0
38.125 47.0
38.175 59.0
38.225 60.0
38.275 53.0
38.325 63.0
38.375 50.0
38.425 47.0
38.475 42.0
38.525 58.0
38.575 59.0
38.625 56.0
38.675 57.0
38.725 51.0
38.775 59.0
38.825 49.0
38.875 51.0
38.925 35.0
38.975 65.0
39.025 39.0
39.075 66.0
39.125 69.0
39.175 55.0
39.225 75.0
39.275 51.0
39.325 64.0
39.375 79.0
39.425 71.0
39.475 56.0
39.525 56.0
39.575 51.0
39.625 60.0
39.675 53.0
39.725 59.0
39.775 73.0
39.825 63.0
39.875 55.0
39.925 54.0
39.975 58.0
40.025 74.0
40.075 73.0
40.125 67.0
40.175 66.0
40.225 69.0
40.275 58.0
40.325 57.0
40.375 55.0
40.425 46.0
40.475 80.0
40.525 74.0
40.575 60.0
40.625 63.0
40.675 62.0
40.725 77.0
40.775 63.0
40.825 59.0
40.875 61.0
40.925 76.0
40.975 59.0
41.025 57.0
41.075 38.0
41.125 56.0
41.175 57.0
41.225 57.0
41.275 54.0
41.325 53.0
41.375 49.0
41.425 58.0
41.475 65.0
41.525 57.0
41.575 53.0
41.625 55.0
41.675 56.0
41.725 60.0
41.775 51.0
41.825 66.0
41.875 60.0
41.925 47.0
41.975 42.0
42.025 55.0
42.075 53.0
42.125 54.0
42.175 53.0
42.225 49.0
42.275 41.0
42.325 62.0
42.375 52.0
42.425 61.0
42.475 61.0
42.525 39.0
42.575 57.0
42.625 48.0
42.675 53.0
42.725 61.0
42.775 44.0
42.825 49.0
42.875 49.0
42.925 48.0
42.975 55.0
43.025 59.0
43.075 55.0
43.125 43.0
43.175 55.0
43.225 59.0
43.275 45.0
43.325 61.0
43.375 56.0
43.425 62.0
43.475 61.0
43.525 60.0
43.575 47.0
43.625 45.0
43.675 47.0
43.725 55.0
43.775 42.0
43.825 56.0
43.875 51.0
43.925 48.0
43.975 55.0
44.025 55.0
44.075 59.0
44.125 53.0
44.175 59.0
44.225 58.0
44.275 41.0
44.325 63.0
44.375 50.0
44.425 41.0
44.475 43.0
44.525 48.0
44.575 57.0
44.625 46.0
44.675 47.0
44.725 60.0
44.775 47.0
44.825 61.0
44.875 44.0
44.925 69.0
44.975 55.0
45.025 54.0
45.075 68.0
45.125 48.0
45.175 58.0
45.225 56.0
45.275 51.0
45.325 46.0
45.375 55.0
45.425 51.0
45.475 60.0
45.525 49.0
45.575 64.0
45.625 49.0
45.675 69.0
45.725 59.0
45.775 68.0
45.825 52.0
45.875 73.0
45.925 50.0
45.975 55.0
46.025 51.0
46.075 61.0
46.125 68.0
46.175 63.0
46.225 63.0
46.275 62.0
46.325 55.0
46.375 58.0
46.425 60.0
46.475 71.0
46.525 74.0
46.575 71.0
46.625 53.0
46.675 55.0
46.725 58.0
46.775 77.0
46.825 63.0
46.875 53.0
46.925 62.0
46.975 63.0
47.025 62.0
47.075 60.0
47.125 57.0
47.175 73.0
47.225 60.0
47.275 57.0
47.325 67.0
47.375 56.0
47.425 53.0
47.475 67.0
47.525 83.0
47.575 67.0
47.625 65.0
47.675 52.0
47.725 55.0
47.775 63.0
47.825 55.0
47.875 51.0
47.925 67.0
47.975 57.0
48.025 48.0
48.075 56.0
48.125 73.0
48.175 55.0
48.225 57.0
48.275 59.0
48.325 47.0
48.375 53.0
48.425 55.0
48.475 55.0
48.525 45.0
48.575 51.0
48.625 48.0
48.675 53.0
48.725 50.0
48.775 54.0
48.825 45.0
48.875 58.0
48.925 61.0
48.975 64.0
49.025 60.0
49.075 65.0
49.125 61.0
49.175 54.0
49.225 36.0
49.275 45.0
49.325 58.0
49.375 47.0
49.425 50.0
49.475 46.0
49.525 63.0
49.575 57.0
49.625 66.0
49.675 44.0
49.725 42.0
49.775 53.0
49.825 47.0
49.875 61.0
49.925 50.0
49.975 62.0
50.025 68.0
50.075 65.0
50.125 67.0
50.175 69.0
50.225 67.0
50.275 50.0
50.325 59.0
50.375 54.0
50.425 46.0
50.475 52.0
50.525 64.0
50.575 65.0
50.625 65.0
50.675 60.0
50.725 61.0
50.775 71.0
50.825 52.0
50.875 66.0
50.925 50.0
50.975 63.0
51.025 57.0
51.075 53.0
51.125 53.0
51.175 65.0
51.225 50.0
51.275 47.0
51.325 56.0
51.375 70.0
51.425 67.0
51.475 39.0
51.525 72.0
51.575 59.0
51.625 60.0
51.675 67.0
51.725 52.0
51.775 70.0
51.825 42.0
51.875 50.0
51.925 35.0
51.975 53.0
52.025 47.0
52.075 51.0
52.125 52.0
52.175 57.0
52.225 60.0
52.275 55.0
52.325 53.0
52.375 57.0
52.425 60.0
52.475 49.0
52.525 49.0
52.575 36.0
52.625 62.0
52.675 44.0
52.725 51.0
52.775 52.0
52.825 56.0
52.875 67.0
52.925 41.0
52.975 42.0
53.025 47.0
53.075 46.0
53.125 56.0
53.175 31.0
53.225 44.0
53.275 49.0
53.325 58.0
53.375 48.0
53.425 51.0
53.475 50.0
53.525 53.0
53.575 38.0
53.625 40.0
53.675 41.0
53.725 49.0
53.775 47.0
53.825 66.0
53.875 47.0
53.925 31.0
53.975 37.0
54.025 61.0
54.075 60.0
54.125 43.0
54.175 64.0
54.225 45.0
54.275 55.0
54.325 45.0
54.375 51.0
54.425 33.0
54.475 47.0
54.525 44.0
54.575 52.0
54.625 53.0
54.675 50.0
54.725 40.0
54.775 50.0
54.825 51.0
54.875 56.0
54.925 55.0
54.975 57.0
55.025 41.0
55.075 49.0
55.125 46.0
55.175 47.0
55.225 41.0
55.275 47.0
55.325 48.0
55.375 43.0
55.425 48.0
55.475 30.0
55.525 69.0
55.575 58.0
55.625 58.0
55.675 42.0
55.725 51.0
55.775 52.0
55.825 50.0
55.875 40.0
55.925 45.0
55.975 57.0
56.025 38.0
56.075 57.0
56.125 36.0
56.175 36.0
56.225 47.0
56.275 48.0
56.325 51.0
56.375 56.0
56.425 43.0
56.475 66.0
56.525 58.0
56.575 50.0
56.625 48.0
56.675 52.0
56.725 52.0
56.775 57.0
56.825 55.0
56.875 50.0
56.925 61.0
56.975 54.0
57.025 69.0
57.075 51.0
57.125 57.0
57.175 44.0
57.225 49.0
57.275 59.0
57.325 60.0
57.375 41.0
57.425 53.0
57.475 59.0
57.525 50.0
57.575 41.0
57.625 64.0
57.675 46.0
57.725 49.0
57.775 50.0
57.825 46.0
57.875 49.0
57.925 46.0
57.975 51.0
58.025 46.0
58.075 44.0
58.125 42.0
58.175 50.0
58.225 49.0
58.275 37.0
58.325 52.0
58.375 36.0
58.425 52.0
58.475 48.0
58.525 51.0
58.575 41.0
58.625 45.0
58.675 46.0
58.725 56.0
58.775 43.0
58.825 47.0
58.875 44.0
58.925 51.0
58.975 64.0
59.025 46.0
59.075 61.0
59.125 48.0
59.175 61.0
59.225 50.0
59.275 62.0
59.325 54.0
59.375 50.0
59.425 60.0
59.475 43.0
59.525 64.0
59.575 58.0
59.625 61.0
59.675 58.0
59.725 48.0
59.775 57.0
59.825 53.0
59.875 52.0
59.925 46.0
59.975 55.0
60.025 61.0
60.075 58.0
60.125 48.0
60.175 51.0
60.225 37.0
60.275 56.0
60.325 55.0
60.375 65.0
60.425 62.0
60.475 57.0
60.525 45.0
60.575 63.0
60.625 48.0
60.675 48.0
60.725 57.0
60.775 51.0
60.825 53.0
60.875 49.0
60.925 56.0
60.975 60.0
61.025 52.0
61.075 50.0
61.125 41.0
61.175 64.0
61.225 59.0
61.275 36.0
61.325 67.0
61.375 50.0
61.425 58.0
61.475 56.0
61.525 56.0
61.575 52.0
61.625 47.0
61.675 58.0
61.725 51.0
61.775 47.0
61.825 63.0
61.875 44.0
61.925 54.0
61.975 44.0
62.025 47.0
62.075 40.0
62.125 44.0
62.175 55.0
62.225 51.0
62.275 69.0
62.325 52.0
62.375 51.0
62.425 44.0
62.475 62.0
62.525 63.0
62.575 64.0
62.625 58.0
62.675 55.0
62.725 54.0
62.775 46.0
62.825 47.0
62.875 40.0
62.925 52.0
62.975 60.0
63.025 57.0
63.075 57.0
63.125 48.0
63.175 38.0
63.225 49.0
63.275 43.0
63.325 47.0
63.375 45.0
63.425 46.0
63.475 59.0
63.525 56.0
63.575 55.0
63.625 42.0
63.675 52.0
63.725 53.0
63.775 44.0
63.825 64.0
63.875 51.0
63.925 43.0
63.975 47.0
64.025 57.0
64.075 35.0
64.125 54.0
64.175 41.0
64.225 57.0
64.275 47.0
64.325 56.0
64.375 57.0
64.425 54.0
64.475 57.0
64.525 44.0
64.575 49.0
64.625 49.0
64.675 55.0
64.725 50.0
64.775 58.0
64.825 53.0
64.875 52.0
64.925 53.0
64.975 50.0
65.025 51.0
65.075 42.0
65.125 52.0
65.175 59.0
65.225 60.0
65.275 44.0
65.325 49.0
65.375 55.0
65.425 47.0
65.475 49.0
65.525 44.0
65.575 70.0
65.625 41.0
65.675 57.0
65.725 48.0
65.775 51.0
65.825 46.0
65.875 50.0
65.925 55.0
65.975 49.0
66.025 53.0
66.075 52.0
66.125 49.0
66.175 58.0
66.225 45.0
66.275 51.0
66.325 54.0
66.375 53.0
66.425 49.0
66.475 41.0
66.525 40.0
66.575 49.0
66.625 57.0
66.675 43.0
66.725 49.0
66.775 49.0
66.825 41.0
66.875 51.0
66.925 46.0
66.975 62.0
67.025 48.0
67.075 55.0
67.125 46.0
67.175 48.0
67.225 49.0
67.275 60.0
67.325 52.0
67.375 47.0
67.425 56.0
67.475 53.0
67.525 65.0
67.575 48.0
67.625 57.0
67.675 42.0
67.725 48.0
67.775 42.0
67.825 49.0
67.875 49.0
67.925 46.0
67.975 57.0
68.025 55.0
68.075 58.0
68.125 57.0
68.175 68.0
68.225 52.0
68.275 47.0
68.325 46.0
68.375 57.0
68.425 61.0
68.475 64.0
68.525 54.0
68.575 53.0
68.625 67.0
68.675 44.0
68.725 57.0
68.775 42.0
68.825 69.0
68.875 45.0
68.925 54.0
68.975 57.0
69.025 64.0
69.075 64.0
69.125 48.0
69.175 51.0
69.225 44.0
69.275 60.0
69.325 52.0
69.375 57.0
69.425 58.0
69.475 52.0
69.525 44.0
69.575 40.0
69.625 54.0
69.675 51.0
69.725 51.0
69.775 60.0
69.825 41.0
69.875 47.0
69.925 40.0
69.975 63.0
70.025 43.0
70.075 46.0
70.125 43.0
70.175 57.0
70.225 58.0
70.275 43.0
70.325 50.0
70.375 42.0
70.425 56.0
70.475 48.0
70.525 41.0
70.575 46.0
70.625 46.0
70.675 46.0
70.725 55.0
70.775 54.0
70.825 55.0
70.875 61.0
70.925 54.0
70.975 52.0
71.025 40.0
71.075 53.0
71.125 70.0
71.175 33.0
71.225 45.0
71.275 36.0
71.325 57.0
71.375 44.0
71.425 39.0
71.475 49.0
71.525 59.0
71.575 55.0
71.625 55.0
71.675 66.0
71.725 47.0
71.775 55.0
71.825 49.0
71.875 48.0
71.925 53.0
71.975 56.0
72.025 67.0
72.075 63.0
72.125 48.0
72.175 50.0
72.225 63.0
72.275 50.0
72.325 46.0
72.375 50.0
72.425 46.0
72.475 46.0
72.525 52.0
72.575 54.0
72.625 65.0
72.675 58.0
72.725 45.0
72.775 41.0
72.825 50.0
72.875 37.0
72.925 53.0
72.975 44.0
73.025 51.0
73.075 47.0
73.125 48.0
73.175 47.0
73.225 56.0
73.275 49.0
73.325 53.0
73.375 38.0
73.425 48.0
73.475 44.0
73.525 47.0
73.575 59.0
73.625 52.0
73.675 44.0
73.725 74.0
73.775 47.0
73.825 51.0
73.875 49.0
73.925 55.0
73.975 60.0
74.025 56.0
74.075 41.0
74.125 65.0
74.175 52.0
74.225 37.0
74.275 49.0
74.325 61.0
74.375 54.0
74.425 41.0
74.475 53.0
74.525 42.0
74.575 49.0
74.625 48.0
74.675 49.0
74.725 44.0
74.775 52.0
74.825 38.0
74.875 61.0
74.925 53.0
74.975 44.0
75.025 49.0
75.075 57.0
75.125 53.0
75.175 64.0
75.225 59.0
75.275 47.0
75.325 43.0
75.375 43.0
75.425 52.0
75.475 51.0
75.525 54.0
75.575 50.0
75.625 45.0
75.675 54.0
75.725 47.0
75.775 49.0
75.825 51.0
75.875 53.0
75.925 41.0
75.975 44.0
76.025 46.0
76.075 49.0
76.125 56.0
76.175 48.0
76.225 60.0
76.275 45.0
76.325 47.0
76.375 37.0
76.425 64.0
76.475 47.0
76.525 56.0
76.575 49.0
76.625 68.0
76.675 63.0
76.725 75.0
76.775 52.0
76.825 48.0
76.875 56.0
76.925 54.0
76.975 32.0
77.025 53.0
77.075 48.0
77.125 56.0
77.175 57.0
77.225 46.0
77.275 53.0
77.325 54.0
77.375 37.0
77.425 51.0
77.475 47.0
77.525 40.0
77.575 54.0
77.625 45.0
77.675 55.0
77.725 51.0
77.775 33.0
77.825 43.0
77.875 47.0
77.925 51.0
77.975 46.0
78.025 54.0
78.075 57.0
78.125 34.0
78.175 51.0
78.225 45.0
78.275 57.0
78.325 56.0
78.375 43.0
78.425 48.0
78.475 51.0
78.525 58.0
78.575 57.0
78.625 71.0
78.675 41.0
78.725 52.0
78.775 51.0
78.825 46.0
78.875 43.0
78.925 53.0
78.975 57.0
79.025 61.0
79.075 47.0
79.125 57.0
79.175 67.0
79.225 50.0
79.275 47.0
79.325 45.0
79.375 53.0
79.425 55.0
79.475 58.0
79.525 55.0
79.575 50.0
79.625 45.0
79.675 44.0
79.725 49.0
79.775 49.0
79.825 52.0
79.875 47.0
79.925 42.0
79.975 48.0
80.025 51.0
80.075 58.0
80.125 48.0
80.175 51.0
80.225 48.0
80.275 39.0
80.325 45.0
80.375 48.0
80.425 56.0
80.475 52.0
80.525 51.0
80.575 37.0
80.625 50.0
80.675 57.0
80.725 42.0
80.775 50.0
80.825 53.0
80.875 43.0
80.925 55.0
80.975 39.0
81.025 51.0
81.075 57.0
81.125 47.0
81.175 41.0
81.225 49.0
81.275 46.0
81.325 49.0
81.375 59.0
81.425 60.0
81.475 58.0
81.525 49.0
81.575 43.0
81.625 48.0
81.675 44.0
81.725 53.0
81.775 67.0
81.825 46.0
81.875 48.0
81.925 57.0
81.975 56.0
82.025 44.0
82.075 46.0
82.125 57.0
82.175 49.0
82.225 53.0
82.275 52.0
82.325 49.0
82.375 42.0
82.425 39.0
82.475 57.0
82.525 45.0
82.575 56.0
82.625 44.0
82.675 44.0
82.725 49.0
82.775 54.0
82.825 51.0
82.875 48.0
82.925 46.0
82.975 58.0
83.025 52.0
83.075 51.0
83.125 52.0
83.175 50.0
83.225 65.0
83.275 46.0
83.325 51.0
83.375 53.0
83.425 47.0
83.475 56.0
83.525 54.0
83.575 52.0
83.625 60.0
83.675 57.0
83.725 47.0
83.775 50.0
83.825 42.0
83.875 52.0
83.925 52.0
83.975 43.0
84.025 56.0
84.075 55.0
84.125 62.0
84.175 38.0
84.225 60.0
84.275 52.0
84.325 55.0
84.375 49.0
84.425 63.0
84.475 44.0
84.525 49.0
84.575 49.0
84.625 41.0
84.675 47.0
84.725 47.0
84.775 56.0
84.825 45.0
84.875 59.0
84.925 40.0
84.975 49.0
85.025 49.0
85.075 56.0
85.125 53.0
85.175 49.0
85.225 47.0
85.275 47.0
85.325 52.0
85.375 38.0
85.425 56.0
85.475 54.0
85.525 46.0
85.575 53.0
85.625 55.0
85.675 46.0
85.725 55.0
85.775 40.0
85.825 44.0
85.875 47.0
85.925 47.0
85.975 55.0
86.025 68.0
86.075 48.0
86.125 53.0
86.175 66.0
86.225 50.0
86.275 55.0
86.325 53.0
86.375 54.0
86.425 31.0
86.475 54.0
86.525 50.0
86.575 61.0
86.625 45.0
86.675 55.0
86.725 37.0
86.775 52.0
86.825 39.0
86.875 43.0
86.925 51.0
86.975 49.0
87.025 61.0
87.075 43.0
87.125 51.0
87.175 58.0
87.225 52.0
87.275 52.0
87.325 48.0
87.375 49.0
87.425 49.0
87.475 41.0
87.525 52.0
87.575 46.0
87.625 42.0
87.675 58.0
87.725 55.0
87.775 50.0
87.825 53.0
87.875 49.0
87.925 45.0
87.975 30.0
88.025 50.0
88.075 53.0
88.125 52.0
88.175 53.0
88.225 42.0
88.275 54.0
88.325 62.0
88.375 39.0
88.425 55.0
88.475 50.0
88.525 48.0
88.575 44.0
88.625 45.0
88.675 51.0
88.725 54.0
88.775 58.0
88.825 63.0
88.875 48.0
88.925 36.0
88.975 51.0
89.025 49.0
89.075 49.0
89.125 44.0
89.175 42.0
89.225 48.0
89.275 49.0
89.325 58.0
89.375 54.0
89.425 60.0
89.475 44.0
89.525 46.0
89.575 40.0
89.625 42.0
89.675 37.0
89.725 58.0
89.775 46.0
89.825 59.0
89.875 53.0
89.925 54.0
89.975 44.0
90.025 59.0
90.075 51.0
90.125 45.0
90.175 60.0
90.225 62.0
90.275 51.0
90.325 43.0
90.375 57.0
90.425 46.0
90.475 53.0
90.525 41.0
90.575 48.0
90.625 46.0
90.675 53.0
90.725 41.0
90.775 62.0
90.825 46.0
90.875 45.0
90.925 54.0
90.975 43.0
91.025 54.0
91.075 41.0
91.125 47.0
91.175 48.0
91.225 46.0
91.275 54.0
91.325 48.0
91.375 43.0
91.425 51.0
91.475 53.0
91.525 45.0
91.575 44.0
91.625 59.0
91.675 42.0
91.725 53.0
91.775 61.0
91.825 52.0
91.875 55.0
91.925 54.0
91.975 42.0
92.025 48.0
92.075 57.0
92.125 51.0
92.175 52.0
92.225 44.0
92.275 56.0
92.325 45.0
92.375 39.0
92.425 43.0
92.475 53.0
92.525 64.0
92.575 53.0
92.625 46.0
92.675 48.0
92.725 46.0
92.775 47.0
92.825 60.0
92.875 43.0
92.925 59.0
92.975 43.0
93.025 33.0
93.075 45.0
93.125 47.0
93.175 43.0
93.225 49.0
93.275 55.0
93.325 40.0
93.375 46.0
93.425 56.0
93.475 57.0
93.525 45.0
93.575 41.0
93.625 49.0
93.675 43.0
93.725 50.0
93.775 48.0
93.825 45.0
93.875 59.0
93.925 42.0
93.975 49.0
94.025 59.0
94.075 46.0
94.125 37.0
94.175 52.0
94.225 44.0
94.275 48.0
94.325 50.0
94.375 38.0
94.425 56.0
94.475 42.0
94.525 46.0
94.575 44.0
94.625 59.0
94.675 61.0
94.725 49.0
94.775 49.0
94.825 45.0
94.875 53.0
94.925 55.0
94.975 31.0
95.025 50.0
95.075 60.0
95.125 34.0
95.175 46.0
95.225 33.0
95.275 50.0
95.325 55.0
95.375 39.0
95.425 41.0
95.475 45.0
95.525 47.0
95.575 41.0
95.625 54.0
95.675 52.0
95.725 52.0
95.775 64.0
95.825 48.0
95.875 62.0
95.925 52.0
95.975 44.0
96.025 44.0
96.075 43.0
96.125 51.0
96.175 62.0
96.225 58.0
96.275 73.0
96.325 44.0
96.375 44.0
96.425 54.0
96.475 46.0
96.525 51.0
96.575 56.0
96.625 52.0
96.675 50.0
96.725 48.0
96.775 56.0
96.825 47.0
96.875 57.0
96.925 57.0
96.975 46.0
97.025 42.0
97.075 47.0
97.125 47.0
97.175 47.0
97.225 47.0
97.275 65.0
97.325 48.0
97.375 52.0
97.425 54.0
97.475 41.0
97.525 54.0
97.575 54.0
97.625 52.0
97.675 58.0
97.725 52.0
97.775 57.0
97.825 45.0
97.875 56.0
97.925 47.0
97.975 61.0
98.025 44.0
98.075 52.0
98.125 43.0
98.175 38.0
98.225 42.0
98.275 52.0
98.325 56.0
98.375 52.0
98.425 60.0
98.475 55.0
98.525 51.0
98.575 51.0
98.625 44.0
98.675 47.0
98.725 48.0
98.775 53.0
98.825 50.0
98.875 68.0
98.925 54.0
98.975 60.0
99.025 63.0
99.075 54.0
99.125 53.0
99.175 38.0
99.225 54.0
99.275 39.0
99.325 50.0
99.375 49.0
99.425 44.0
99.475 53.0
